datas = [
  % % 15 (10K)
  % [2904, 2383, 2228, 3733, 3351, 3466, 3982, 4134, 3817, 4611, 4592, 4665, 4790, 4817, 4889, 5249, 5200, 5380, 2450, 1283, 1234, 3266, 2323, 2284, 3883, 3234, 2897, 3551, 3400, 3500, 3812, 3618, 3367, 3900, 3630, 3484, -1, -1, 434, -1, 1299, -1, -1, 1984, -1, -1, -1, -1, -1, -1, -1, -1, -1, -1, 2083, 2384, 2400, 3551, 3367, 3451, 4179, 4000, 3917, 4418, 4585, 4400, 4852, 4617, 5233, 5193, 5199, 5385, 2234, 1232, 7917, 3267, 2149, 8500, 3371, 2668, -1, 3366, 2850, 9896, 3533, 3251, -1, 3648, 3433, -1, -1, 433, -1, -1, -1, -1, -1, -1, -1, -1, 1884, -1, -1, 2200, -1, -1, -1, -1, 2083, 2050, 2517, 2899, 2868, 2882, 3934, 4000, 4141, 4683, 4567, 4637, 4267, 5033, 4117, 4607, 5277, 5500, 1752, 9490, 8549, 2557, 9265, 8934, 2850, 2969, 8526, 3017, -1, 8924, -1, 2866, -1, -1, 3842, 9084, -1, -1, -1, -1, -1, -1, -1, -1, -1, -1, -1, -1, -1, -1, -1, -1, -1, -1];
  % 15 (58K)
  [2001, 2049, 2221, 2699, 2717, 2583, 3067, 3175, 2867, 3383, 3417, 3441, 4083, 3539, 4089, 4416, 4216, 4192, 5333, 1035, 766, 6599, 2850, 1701, 6155, -1, 2640, 5373, -1, 3400, 4966, -1, 3699, 4841, -1, 3915, 5250, -1, 418, 7050, 1251, -1, 7648, -1, -1, 8434, -1, 1901, 8615, -1, 2452, 8381, -1, 3016, 2023, 1699, 1801, 2621, 2750, 2854, 3167, 3216, 3317, 3652, 3784, 3683, 3883, 3886, 4067, 4334, 4658, 4385, 4700, 800, -1, 6330, 1700, -1, 4783, 3051, 2316, 4351, -1, 2966, 4517, -1, 3383, 4452, -1, 3651, 5166, 385, -1, -1, 1000, -1, -1, 1350, -1, 8840, -1, -1, 8174, -1, -1, -1, -1, 2750, 1867, 1733, 1975, 2183, 2699, 2401, 3150, 3148, 2933, 2817, 3700, 2750, 3100, 3083, 3167, 3540, 3434, 3700, 6637, -1, -1, 4458, -1, -1, 4651, 1982, -1, 4455, 2817, 2567, 4625, 6883, 3390, 5050, -1, 3293, 1718, -1, -1, -1, -1, -1, -1, -1, -1, 6638, -1, -1, 8121, -1, -1, -1, -1, -1];
  % % 13 - 4 (9K)
  % [1905, 1951, 1968, 2548, 2468, 2601, 2933, 2916, 2857, 3433, 3284, 3349, 7842, 8853, 8018, 8510, 7818, 9187, 4619, 1167, 816, 4233, 2234, 1675, -1, 2901, -1, -1, 3117, -1, -1, 3416, -1, -1, 3640, -1, -1, -1, 385, -1, 1667, 933, -1, 2550, 1367, -1, 3667, -1, 7432, -1, -1, 7557, -1, -1, 1833, 1801, 1700, 2235, 2399, 2383, 2550, 2774, 2632, 3050, 3243, 3056, 6133, 6135, 6020, 6667, 6871, 6942, 8667, -1, 750, 4067, 1583, 1502, 3684, 2083, 2133, -1, -1, -1, -1, -1, -1, -1, -1, -1, -1, 434, -1, -1, -1, -1, -1, -1, -1, -1, 1650, -1, -1, -1, -1, -1, -1, -1, 1468, 1765, 1884, 1716, 2367, 2562, 2316, 2283, 2350, 2500, 2517, 2447, 2799, 2801, 2800, 3257, 3067, 3200, 9988, -1, -1, 3820, -1, -1, 3615, -1, 1950, 3494, -1, 2226, -1, 2236, 2484, -1, 2351, -1, -1, -1, -1, -1, -1, -1, -1, -1, -1, -1, -1, -1, -1, -1, -1, -1, -1, -1];
  % % 13 - 4 (46K)
  % [2239, 2294, 2249, 2800, 2801, 2817, 3273, 3300, 3267, 3633, 3652, 3733, 9232, 3893, 9209, 4150, 4285, -1, 5553, 1117, -1, 4125, 2168, -1, 5500, 2983, -1, 4416, 3340, -1, -1, -1, -1, -1, 3967, -1, -1, -1, 366, -1, 1590, -1, -1, -1, -1, -1, -1, -1, -1, -1, -1, -1, -1, -1, 2065, 1900, 1965, 2517, 2617, 2534, 3201, 3025, 3084, 3316, 3384, 3325, 3568, 3632, 3722, 3783, 3817, 3843, -1, 1049, 717, 3539, 1500, 1532, -1, -1, -1, -1, -1, -1, -1, -1, -1, -1, -1, -1, -1, 433, -1, -1, -1, 900, -1, -1, 1267, -1, -1, -1, -1, -1, -1, -1, -1, -1, 1916, 1884, 2000, 2617, 2675, 2465, 3017, 3017, 3188, 7167, 2884, 6848, 2901, 7102, 3000, 7234, 3233, 3383, -1, -1, -1, 3267, -1, 1334, 3329, -1, 1875, 3118, -1, 2033, 3400, -1, 2535, 3802, 2771, -1, -1, -1, -1, -1, -1, -1, -1, -1, -1, -1, -1, -1, -1, -1, -1, -1, -1, -1];
  % % 17 (12K)
  % [1775, 1783, 2029, 2400, 2451, 2716, 3049, 3251, 3066, 3522, 3918, 3498, 4134, 3971, 4157, 5166, 5151, 5066, -1, 1184, 983, 5383, 2434, 1937, 4917, 3017, 2384, 4366, 3150, 2650, 3993, 3349, 2701, 4067, 3606, 2916, -1, 566, 434, -1, 1200, -1, -1, 1850, -1, -1, 2650, -1, -1, -1, -1, -1, -1, 2834, 1799, 1751, 2000, 2617, 2584, 2568, 3315, 3033, 3233, 3618, 3733, 3699, 3951, 4800, 4367, 5323, 4835, 4682, -1, -1, -1, 7334, 2066, -1, 4734, 2383, -1, 4617, 3101, 2049, 4767, -1, 2351, 4783, -1, 2457, -1, 401, -1, -1, -1, -1, -1, 1290, -1, -1, -1, -1, -1, -1, -1, -1, -1, -1, 1265, 1268, 1751, 2482, 2467, 2483, 2450, 2518, 2700, 2771, 2583, 2634, 3016, 2934, 2950, 3366, 3201, 3200, -1, -1, -1, -1, -1, -1, -1, -1, -1, -1, 1983, -1, 6650, 2117, -1, 6183, 2367, -1, -1, -1, -1, -1, -1, -1, -1, -1, -1, -1, -1, -1, -1, -1, -1, -1, -1, -1];
  % % 17 (23K)
  % [1707, 1718, 1933, 2383, 2500, 2517, 2983, 2934, 3000, 3283, 3250, 3367, 3622, 3667, 3583, 4101, 4134, 3883, -1, 1166, 1050, 6867, 2434, 1735, 5766, 3034, 2400, 4800, 3342, 2583, 4517, 3383, 2769, -1, -1, 3017, -1, -1, 417, -1, 1366, -1, -1, 2133, -1, -1, 3033, -1, 6567, 3617, -1, 6466, -1, -1, 1800, 1700, 1684, 2466, 2634, 2442, 3133, 3016, 3000, 3434, 3449, 3433, 3984, 4633, 4184, 4534, 4766, 4550, -1, -1, -1, -1, 1768, -1, 5817, 2350, 1867, 4650, -1, 2133, 4667, -1, 2300, 5000, -1, 2534, -1, 417, -1, -1, -1, -1, -1, 1350, -1, -1, -1, -1, 8350, -1, -1, 8516, -1, -1, 1333, 1349, 1234, 2667, 2017, 2066, 2217, 2433, 2516, 2617, 2700, 2601, 2867, 3000, 2999, 3285, 3349, 3266, -1, -1, -1, -1, -1, -1, -1, 7416, -1, -1, 4300, -1, -1, 2150, 5242, 6866, 2385, 5115, -1, -1, -1, -1, -1, -1, -1, -1, -1, -1, -1, -1, -1, -1, -1, -1, -1, -1];
  % 17 (60K)
  [2024, 2065, 2701, 2299, 2467, 2451, 2949, 2899, 2901, 3133, 3074, 3169, 3565, 3350, 3534, 3704, 3584, 3800, 8768, -1, 785, 6400, -1, 1707, -1, -1, 2433, -1, 3349, 2733, -1, -1, -1, -1, -1, -1, -1, -1, 399, -1, -1, -1, -1, -1, -1, -1, 8950, 1968, -1, -1, 2418, -1, -1, 9279, 1449, 1633, 1500, 2118, 2265, 2167, 2900, 2900, 2900, 6484, 7316, 3717, 6667, 6200, 6106, 7500, 6817, 6851, -1, -1, 750, 5499, 1601, 1400, 4817, 2710, 1949, -1, -1, -1, -1, -1, 9493, -1, -1, 8684, -1, 418, -1, -1, 995, -1, -1, 1349, -1, -1, -1, 9358, -1, -1, 1966, -1, -1, 9284, 1200, 1316, 1234, 1916, 1868, 1932, 2277, 2366, 2186, 2550, 2650, 2550, 6733, 2600, 6400, 3034, 6850, 2983, -1, -1, -1, -1, -1, -1, 5317, -1, -1, -1, 1817, 2134, 5199, 2034, 2384, 5866, 2266, 8083, -1, -1, -1, -1, -1, -1, -1, -1, 9918, 8683, -1, 8683, -1, -1, -1, -1, -1, 8086];
  % % 5 (42K)
  % [2690, 2467, 2318, 2965, 2937, 3017, 3284, 3366, 3216, 7050, 3554, 5851, 3884, 3700, 3933, 4052, 4058, 4102, 4984, 1601, 967, 6932, -1, 1933, 5168, 3801, 2700, 5617, 4252, 3351, -1, 4133, 3700, 5684, -1, 3900, -1, -1, 386, -1, 1400, -1, -1, -1, -1, -1, -1, -1, 8033, -1, -1, 7450, -1, -1, 2782, 2249, 2468, 3583, 2633, 2784, 3517, 3333, 4017, 3550, 3600, 3700, 3900, 3767, 4067, 4310, 4217, 4134, 4400, -1, -1, 5102, -1, -1, 4545, -1, -1, 4268, -1, -1, -1, 3925, -1, -1, -1, -1, -1, 433, -1, -1, -1, -1, -1, -1, -1, -1, -1, -1, -1, -1, -1, -1, 3100, -1, 2186, 2249, 2100, 2800, 2816, 2635, 3249, 3433, 3134, 3550, 3317, 3633, 4041, 3815, 3751, 4152, 4002, 3983, 1952, -1, -1, 3400, -1, -1, 3867, -1, -1, 3667, -1, -1, 3632, -1, -1, -1, -1, -1, -1, -1, -1, -1, -1, -1, -1, -1, -1, -1, -1, -1, -1, -1, -1, -1, -1, -1];
  % % 18 (16K)
  % [2846, 1959, 2017, 2383, 2610, 2427, 2792, 2783, 2882, 3221, 3140, 3090, 3579, 3524, 3449, 3526, 3966, 3803, 8304, 1226, 812, 5872, 2605, 1731, 6018, 3144, 2469, -1, 3683, 2769, -1, 3716, 2915, 4558, -1, -1, -1, -1, 392, -1, -1, 894, -1, -1, 1589, -1, -1, -1, -1, -1, -1, -1, -1, -1, 1884, 2030, 1912, 3058, 2797, 2692, 3441, 3281, 3519, 4091, 4020, 3368, 4631, 4393, 4420, 4758, 4956, 5018, 9005, 837, -1, 7725, 1789, 1597, 5146, 3125, 2091, -1, 4856, -1, 5121, 5554, 2719, -1, 6184, 3767, -1, 429, -1, -1, 895, -1, -1, 1349, -1, -1, -1, 1676, -1, -1, 2050,-1, -1, 2345, 2338, 2152, 2090, 2996, 3095, 2915, 3609, 3749, 3914, 4178, 4262, 4138, 4716, 4682, 4531, 5011, 4925, 4849, -1, 9544, -1, 9440, 6433, -1, 6119, 1599, -1, 5248, -1, -1, 5412, -1, 2663, 6288, 9113, 3096, -1, -1, -1, -1, -1, -1, -1, 4608, -1, -1, -1, -1, -1, -1, -1, -1, -1, -1]
